deg-Betw:0.8101035697013055 1.1773814255038106e-13
deg-close:1.0 0.0
close-Betw:0.8101035697013055 1.1773814255038106e-13
