deg-Betw:0.9538611029900328 9.263655019487488e-48
deg-close:1.0 0.0
close-Betw:0.9538611029900328 9.263655019487488e-48
