deg-Betw:0.8855508230056216 7.267710024098906e-13
deg-close:1.0 0.0
close-Betw:0.8855508230056216 7.267710024098906e-13
